accuracy: 0.5716571428571429- k: 7
accuracy: 0.5635428571428571- k: 5
